1.4771
1.04272
1.03418
1.03399
1.03397
1.03396
1.03396
0.998703
0.998716
0.998719
0.998719
0.998156
0.998157
0.998157
0.998157
0.998157
0.998072
0.998072
0.998072
0.998072
0.998035
0.998035
0.998035
0.998015
0.998015
0.998015
0.998005
0.998005
0.998005
0.998
0.998
0.998
0.997999
0.997999
0.997999
0.997998
0.997998
0.997998
0.997998
0.997998
0.997998
0.997997
0.997997
0.997997
0.997997
0.997997
0.997997
0.997997
0.997997
0.997997
0.997997
0.997997
0.997997
0.997997
0.997997
0.997997
0.997997
0.997997
0.997997
0.997997
0.997997
0.997997
0.997997
0.997997
0.997997
0.997997
0.997997
0.997997
0.997997
0.997997
0.997997
0.997997
0.997997
0.997997
